167446
169040
170362
171511
172509
173446
174323
175189
176074
176924
177812
178678
179549
180429
181302
182181
183061
183944
184831
185729
186618
187519
188397
189297
190193
191062
191964
192847
193708
194551
195421
196251
197096
197968
198823
199676
200523
201397
202227
203064
203894
204691
205500
206298
207074
207882
208665
209483
210254
211068
211847
212665
213512
214200
214938
215647
216388
217161
217886
218658
219350
220057
220737
221409
222085
222823
223471
224169
224829
225554
226261
226888
227506
228143
228830
229458
230061
230747
231372
231965
232529
233222
233830
234382
235027
235598
236147
236798
237336
237886
238517
239046
239533
240195
240693
241316
241917
242439
243076
243569
244104
244700
245224
245717
246341
246840
247428
247907
248417
248996
249431
250027
250475
250995
251457
251992
252601
253069
253653
254087
254682
255161
255649
256201
256643
257191
257627
258181
258636
259175
259554
260085
260493
260987
261401
261931
262447
262851
263380
263748
264263
264650
265137
265525
266002
266406
266903
267297
267798
268213
268706
269125
269623
270058
270560
270956
271427
271853
272329
272735
273213
273644
274110
274517
275005
275460
275909
276359
276842
277262
277686
278141
278480
278965
279310
279754
280055
280524
280914
281377
281844
282300
282761
283081
283542
283839
284284
284595
285038
285467
285772
286254
286541
286981
287349
287775
288218
288500
288926
289195
289643
290079
290370
290806
291080
291510
291932
292208
292639
292892
293306
293724
293972
294402
294667
295081
295491
295762
296169
296487
296910
297319
297563
297976
298325
298724
299142
299366
299751
300146
300548
300947
301192
301591
301959
302312
302728
302887
303268
303661
303897
304290
304706
304926
305317
305670
306038
306398
306617
307013
307414
307634
308027
308413
308618
309013
309362
309746
310141
310344
310711
311094
311293
311675
312051
312250
312620
312989
313173
313518
313868
313967
314315
314673
314877
315235
315592
315801
316152
316498
316720
317064
317409
317642
317992
318328
318573
318914
319256
319502
319847
320179
320424
320747
321083
321327
321659
321999
322253
322608
322941
323216
323557
323891
324142
324486
324842
325121
325447
325795
326050
326381
326686
326970
327297
327626
327915
328230
328551
328842
329173
329500
329794
330124
330442
330722
331043
331350
331639
331957
332279
332552
332861
333164
333468
333800
334106
334402
334708
335020
335331
335652
335977
336290
