166859
168112
169350
170491
171557
172543
173449
174332
175164
175957
176710
177431
178147
178852
179574
180265
180952
181629
182250
182960
183648
184332
185044
185742
186374
187020
187724
188368
188993
189664
190355
191024
191583
192243
192904
193558
194146
194811
195453
196123
196773
197435
198052
198706
199313
199868
200477
201067
201696
202353
202991
203590
204248
204876
205456
206140
206780
207435
208106
208746
209400
210019
210625
211208
211837
212404
213018
213590
214186
214769
215349
215913
216532
217135
217754
218361
218937
219520
220120
220702
221263
221901
222528
223093
223709
224290
224831
225352
225953
226550
227091
227627
228132
228635
229195
229698
230218
230746
231233
231804
232317
232827
233347
233925
234416
234927
235398
235924
236442
236908
237410
237943
238482
238918
239385
239923
240401
240857
241331
241862
242322
242780
243299
243749
244202
244720
245138
245572
246082
246608
247021
247449
247982
248410
248855
249357
249752
250183
250691
251064
251553
251954
252328
252802
253194
253589
254083
254474
254946
255350
255728
256230
256618
257051
257540
257945
258400
258746
259141
259577
259949
260405
260742
261183
261506
261866
262319
262658
263109
263456
263889
264196
264573
264899
265326
265740
266074
266512
266841
267268
267581
268007
268339
268737
269034
269456
269878
270182
270577
270883
271285
271594
272012
272264
272666
272984
273399
273701
274106
274401
274827
275094
275506
275776
276176
276456
276843
277123
277503
277787
278161
278448
278835
279143
279525
279837
280210
280501
280870
281173
281567
281886
282272
282603
282988
283289
283669
283984
284367
284677
285063
285411
285790
286132
286523
286843
287228
287545
287933
288237
288601
288921
289285
289597
289964
290281
290648
290978
291333
291672
292037
292372
292745
293097
293430
293762
294115
294450
294648
295001
295221
295575
295878
296239
296568
296932
297273
297631
297962
298297
298620
298810
299149
299345
299698
300027
300384
300734
300937
301286
301480
301797
302116
302443
302760
302866
303193
303524
303852
304179
304369
304704
304915
305238
305581
305754
306088
306290
306615
306959
307137
307455
307689
308001
308319
308506
308847
309110
309451
309764
309930
310253
310556
310871
311189
311340
311671
311984
312037
312327
312646
312797
313091
313374
313452
313747
314028
314190
314468
314765
314920
315220
315487
315772
316059
316213
316512
316779
316917
317200
317495
317635
317908
318192
318343
318630
318930
319062
