169229
179414
187355
192718
197952
202170
205566
208554
211864
214103
216742
220038
222984
225683
228477
231359
233276
236469
236644
238203
240269
242291
244931
246305
247518
249809
251534
254493
256402
258615
259611
261176
261979
263209
265280
266310
268578
270695
271722
273359
274588
276153
277131
278077
279594
281049
283166
285908
286473
287040
288188
289155
290622
292263
293285
294532
295362
296718
297298
298098
300362
300944
301941
303291
303976
305054
308244
308484
309782
310180
310559
311308
312343
313014
313759
314767
315512
315512
316632
318128
319068
319895
321563
321593
322047
324172
326166
327500
328431
329648
330930
332281
333454
334719
336308
338507
338705
339633
340694
344842
345958
346862
347711
348354
349012
350464
352988
352988
353815
354242
354644
355369
355369
356319
357661
358569
359831
362453
362453
363499
363499
363824
365037
365856
366414
367791
368189
368582
369275
370779
371921
373096
373096
375455
376416
378261
379717
381222
381280
382401
383089
383637
384546
385163
385401
386341
386341
387156
388978
389275
389275
389660
390149
391384
391384
391384
391384
394407
394407
397062
398204
398204
398204
400061
401417
401605
405085
405085
405085
407904
411483
412293
412327
412378
413394
414840
415651
415943
417379
418495
419496
419496
422911
422911
422911
425077
425333
425801
427514
427514
428122
429806
430852
430773
433059
433978
434043
434043
434043
435139
436096
437583
437943
439159
439684
441576
443914
443919
446474
447974
448789
450056
450291
450424
451318
451318
451318
452878
452996
454138
454138
456129
456291
456233
456291
456556
456618
458383
